310.0001811981201
311.00010871887207
300.99987983703613
310.0001811981201
330.0001621246338
328.0000686645508
320.00017166137695
320.9998607635498
307.00016021728516
345.0000286102295
330.99985122680664
330.0001621246338
325.9999752044678
308.0000877380371
318.9997673034668
308.0000877380371
317.000150680542
324.00012016296387
332.99994468688965
304.0001392364502
334.0001106262207
305.9999942779541
318.9997673034668
319.0000057220459
323.0001926422119
297.0001697540283
317.99983978271484
321.000337600708
316.9999122619629
306.0002326965332
302.99973487854004
335.00003814697266
305.00006675720215
311.00010871887207
309.999942779541
330.0001621246338
332.0000171661377
321.99978828430176
305.00030517578125
316.00022315979004
309.00025367736816
319.0000057220459
333.9998722076416
296.9999313354492
321.0000991821289
309.9997043609619
316.9999122619629
332.99994468688965
310.99987030029297
316.9999122619629
(3200)per mask avg time is:
317.60003089904785
295.0000762939453
291.0001277923584
290.00020027160645
282.99999237060547
263.99993896484375
287.99986839294434
280.99989891052246
286.00001335144043
272.0000743865967
276.99995040893555
262.9997730255127
282.99999237060547
292.9999828338623
264.00017738342285
288.00010681152344
269.0000534057617
278.0001163482666
311.00010871887207
287.0001792907715
276.99995040893555
267.99988746643066
276.99995040893555
276.0000228881836
271.0001468658447
294.00014877319336
271.0001468658447
294.9998378753662
300.99987983703613
287.99986839294434
288.00010681152344
292.9997444152832
290.9998893737793
285.0003242492676
291.0001277923584
273.00000190734863
273.9999294281006
282.99999237060547
296.00000381469727
288.9997959136963
277.9998779296875
286.9999408721924
291.0001277923584
273.00024032592773
273.9999294281006
290.9998893737793
256.0000419616699
259.99999046325684
291.0001277923584
283.9999198913574
289.0000343322754
(2800)per mask avg time is:
282.3600101470947
254.99987602233887
246.99997901916504
244.99988555908203
256.0000419616699
228.99985313415527
249.9997615814209
253.00002098083496
237.99967765808105
240.00000953674316
251.00016593933105
235.0001335144043
233.0000400543213
256.9999694824219
236.9999885559082
250.0002384185791
252.99978256225586
229.99978065490723
248.0001449584961
256.9999694824219
234.00020599365234
263.99993896484375
256.0000419616699
244.99988555908203
235.99982261657715
255.99980354309082
244.00019645690918
257.9998970031738
250.0
236.00006103515625
249.9997615814209
263.0000114440918
234.9998950958252
256.9999694824219
249.00007247924805
230.00001907348633
252.000093460083
259.99999046325684
245.99981307983398
241.00017547607422
246.99997901916504
222.0001220703125
252.000093460083
245.99981307983398
227.99992561340332
263.0000114440918
251.00016593933105
237.99991607666016
243.00003051757812
243.99995803833008
248.99983406066895
(2400)per mask avg time is:
246.17997646331787
220.99995613098145
203.00006866455078
220.0000286102295
220.0000286102295
211.0002040863037
207.0000171661377
213.99974822998047
207.99994468688965
230.00025749206543
205.0001621246338
219.00010108947754
185.99987030029297
221.9998836517334
227.99992561340332
207.99994468688965
210.9999656677246
205.0001621246338
217.00000762939453
217.00000762939453
239.0000820159912
203.99999618530273
226.99999809265137
221.9998836517334
190.99998474121094
208.00018310546875
219.00010108947754
215.00015258789062
209.0001106262207
202.00014114379883
223.9999771118164
186.99979782104492
207.99994468688965
212.00013160705566
210.00003814697266
197.00002670288086
207.0000171661377
204.9999237060547
220.0000286102295
216.99976921081543
231.99987411499023
184.00001525878906
227.99992561340332
224.99990463256836
194.0000057220459
220.0000286102295
227.99992561340332
192.99983978271484
220.0000286102295
215.00015258789062
205.0004005432129
(2000)per mask avg time is:
212.38001346588135
190.99974632263184
170.0000762939453
154.9999713897705
197.00002670288086
172.99985885620117
196.0000991821289
160.00008583068848
187.00003623962402
156.00013732910156
173.00009727478027
190.00005722045898
167.00005531311035
186.99979782104492
142.0001983642578
172.00016975402832
167.00005531311035
182.999849319458
187.00003623962402
162.00017929077148
176.9998073577881
150.00009536743164
172.99985885620117
154.9999713897705
184.00001525878906
164.99972343444824
171.00000381469727
180.9999942779541
154.9999713897705
190.00005722045898
165.9998893737793
184.00001525878906
160.00008583068848
164.0000343322754
165.00020027160645
174.99971389770508
180.9999942779541
167.9999828338623
190.99998474121094
158.99968147277832
174.00002479553223
177.99973487854004
184.00001525878906
169.00014877319336
179.0001392364502
175.99987983703613
158.99991989135742
175.99987983703613
144.99998092651367
183.0000877380371
161.99994087219238
(1600)per mask avg time is:
172.27998733520508
148.00000190734863
130.00011444091797
144.99998092651367
130.00011444091797
129.00018692016602
128.9999485015869
138.99993896484375
147.00007438659668
139.00017738342285
154.9999713897705
125.0
133.99982452392578
136.99984550476074
130.00035285949707
141.9999599456787
125.0
138.0000114440918
125.99992752075195
131.00004196166992
154.9999713897705
134.99999046325684
122.00021743774414
148.9999294281006
124.00007247924805
144.99998092651367
121.99974060058594
157.00030326843262
130.99980354309082
147.00007438659668
148.00000190734863
129.99987602233887
150.00009536743164
138.99993896484375
139.00017738342285
163.00010681152344
114.99977111816406
155.99989891052246
139.9998664855957
121.99997901916504
153.99980545043945
138.0002498626709
142.0001983642578
136.99984550476074
161.99994087219238
141.00003242492676
136.99984550476074
144.00005340576172
118.00003051757812
137.00032234191895
128.9999485015869
(1200)per mask avg time is:
138.14001083374023
95.00002861022949
125.99992752075195
109.00020599365234
89.99991416931152
96.00019454956055
115.99993705749512
96.9998836517334
105.00025749206543
112.99991607666016
105.00001907348633
105.00001907348633
90.00015258789062
114.00008201599121
121.00028991699219
114.00008201599121
84.0001106262207
98.9997386932373
97.0001220703125
125.99992752075195
125.0
99.00021553039551
98.9999771118164
108.00004005432129
113.00039291381836
88.99998664855957
98.9997386932373
117.00010299682617
84.99979972839355
103.00016403198242
100.99983215332031
123.0001449584961
99.00021553039551
72.99995422363281
88.00005912780762
109.00020599365234
105.00001907348633
101.99999809265137
120.99981307983398
75.00004768371582
93.99986267089844
85.00003814697266
120.99981307983398
99.99990463256836
106.99987411499023
107.99980163574219
94.99979019165039
107.00011253356934
99.99990463256836
111.00006103515625
105.99994659423828
(800)per mask avg time is:
103.38001251220703
48.00009727478027
71.99978828430176
73.99988174438477
65.99998474121094
81.00032806396484
68.00007820129395
47.00016975402832
49.00002479553223
67.00015068054199
66.99991226196289
65.99974632263184
85.00027656555176
51.000118255615234
59.999942779541016
61.00010871887207
69.0000057220459
63.99989128112793
65.99998474121094
60.99987030029297
70.00017166137695
62.00003623962402
68.00007820129395
70.9998607635498
61.99979782104492
65.00029563903809
72.99995422363281
65.99974632263184
55.9999942779541
66.99991226196289
59.999942779541016
51.999807357788086
55.9999942779541
75.99997520446777
72.99995422363281
63.99989128112793
52.00004577636719
45.00007629394531
55.00006675720215
60.00018119812012
77.99983024597168
62.00003623962402
63.99989128112793
51.000118255615234
60.00018119812012
59.999942779541016
61.00034713745117
77.00037956237793
44.99983787536621
52.00004577636719
69.99969482421875
(400)per mask avg time is:
63.100008964538574
