
flow_num is:
200
47.99985885620117
52.99997329711914
48.00009727478027
36.99994087219238
46.00024223327637
49.00026321411133
42.999982833862305
53.999900817871094
41.99981689453125
42.9997444152832
45.999765396118164
42.9997444152832
51.000118255615234
69.000244140625
54.000139236450195
49.99971389770508
55.9999942779541
55.9999942779541
54.99982833862305
53.999900817871094
54.99982833862305
49.00026321411133
51.000118255615234
48.999786376953125
55.9999942779541
47.99985885620117
62.99996376037598
47.00016975402832
65.99974632263184
46.00024223327637
48.00009727478027
49.99971389770508
51.000118255615234
49.99995231628418
52.99997329711914
55.00006675720215
46.000003814697266
57.000160217285156
48.00009727478027
43.99991035461426
55.9999942779541
52.99997329711914
46.99969291687012
49.00002479553223
87.00013160705566
53.00021171569824
69.000244140625
47.99985885620117
61.99979782104492
53.999900817871094
per mask avg time is:
52.13998317718506
flow_num is:
400
70.00017166137695
73.99988174438477
69.99993324279785
73.00019264221191
93.00017356872559
92.00000762939453
67.00015068054199
90.00015258789062
67.99983978271484
71.0000991821289
66.00022315979004
69.0000057220459
82.99994468688965
76.99990272521973
75.00004768371582
74.99980926513672
78.00006866455078
84.0001106262207
69.0000057220459
81.00032806396484
78.00006866455078
79.00023460388184
63.99989128112793
83.9998722076416
67.99983978271484
75.00028610229492
98.00004959106445
64.00012969970703
108.00004005432129
65.00005722045898
67.99983978271484
102.99992561340332
78.00006866455078
90.00015258789062
66.99991226196289
73.99988174438477
81.9997787475586
82.99994468688965
93.99986267089844
74.00012016296387
112.99991607666016
65.99998474121094
75.99997520446777
72.99995422363281
65.00005722045898
72.99995422363281
55.9999942779541
125.99992752075195
78.00006866455078
69.99969482421875
per mask avg time is:
78.34001064300537
flow_num is:
600
95.00002861022949
85.00003814697266
111.9999885559082
110.99982261657715
113.99984359741211
76.99990272521973
111.00006103515625
85.99996566772461
154.00004386901855
86.99989318847656
91.00008010864258
88.00005912780762
85.99996566772461
98.00004959106445
87.99982070922852
82.99994468688965
87.00013160705566
98.00004959106445
108.99996757507324
95.00002861022949
90.99984169006348
83.9998722076416
87.99982070922852
111.9999885559082
92.00000762939453
93.99986267089844
93.00017356872559
94.00010108947754
101.00007057189941
89.00022506713867
78.99999618530273
87.00013160705566
84.0001106262207
117.00010299682617
124.00007247924805
104.00009155273438
81.00008964538574
90.00015258789062
98.00004959106445
85.00003814697266
88.99998664855957
97.0001220703125
100.00014305114746
98.9999771118164
79.99992370605469
85.99972724914551
87.99982070922852
80.00016212463379
102.99992561340332
94.00010108947754
per mask avg time is:
95.16000747680664
flow_num is:
800
105.00001907348633
111.9999885559082
148.00000190734863
99.99990463256836
101.00007057189941
138.99993896484375
98.9999771118164
114.00008201599121
111.9999885559082
158.00023078918457
137.00008392333984
167.9999828338623
105.00001907348633
111.9999885559082
155.99989891052246
103.00016403198242
131.99996948242188
98.9997386932373
112.99991607666016
113.00015449523926
126.9998550415039
110.0001335144043
101.99999809265137
118.00026893615723
104.99978065490723
134.00006294250488
104.00009155273438
124.00007247924805
126.00016593933105
115.99993705749512
141.00003242492676
148.00000190734863
98.9997386932373
98.9999771118164
122.99966812133789
143.00012588500977
135.00022888183594
136.0001564025879
136.0001564025879
97.0003604888916
100.99983215332031
116.99986457824707
107.00011253356934
140.0001049041748
129.00018692016602
149.99985694885254
134.00030136108398
104.00009155273438
138.0000114440918
106.99987411499023
per mask avg time is:
121.52002334594727
flow_num is:
1000
134.99999046325684
142.0001983642578
119.00019645690918
121.00005149841309
148.00000190734863
130.00011444091797
137.9997730255127
132.99989700317383
119.99988555908203
113.00015449523926
134.99975204467773
121.00005149841309
138.0000114440918
144.00005340576172
126.00016593933105
130.99980354309082
133.00013542175293
132.00020790100098
141.00003242492676
148.00000190734863
107.00011253356934
165.00020027160645
121.99997901916504
144.00005340576172
138.0000114440918
148.9999294281006
189.00012969970703
131.00004196166992
138.0002498626709
157.00030326843262
125.99992752075195
127.00009346008301
128.9999485015869
122.99990653991699
127.00009346008301
166.99981689453125
132.00020790100098
113.99984359741211
133.99982452392578
134.99999046325684
162.99986839294434
139.9998664855957
124.9997615814209
138.99993896484375
124.00007247924805
126.00016593933105
143.00012588500977
121.99974060058594
118.99995803833008
142.99988746643066
per mask avg time is:
134.92001056671143
flow_num is:
1200
161.00001335144043
186.99979782104492
180.9999942779541
143.00012588500977
152.9998779296875
182.00016021728516
192.99983978271484
134.99999046325684
139.00017738342285
148.00000190734863
176.00011825561523
171.00000381469727
164.99996185302734
213.00029754638672
138.99993896484375
167.9999828338623
163.00010681152344
141.9999599456787
167.9999828338623
211.99989318847656
141.9999599456787
174.00002479553223
151.99995040893555
151.99995040893555
146.99983596801758
151.99995040893555
152.00018882751465
185.00018119812012
175.99987983703613
144.00005340576172
161.00001335144043
137.9997730255127
136.99984550476074
150.00009536743164
154.00004386901855
148.9999294281006
140.0001049041748
203.00006866455078
153.99980545043945
164.0000343322754
154.9997329711914
153.99980545043945
166.0001277923584
140.0001049041748
144.00005340576172
160.00008583068848
146.00014686584473
187.99996376037598
152.9998779296875
137.00008392333984
per mask avg time is:
160.15999794006348
flow_num is:
1400
182.9996109008789
185.00018119812012
172.99985885620117
160.00008583068848
175.99987983703613
155.99989891052246
173.99978637695312
163.9997959136963
205.0001621246338
151.0002613067627
185.99987030029297
157.00030326843262
171.99993133544922
171.00000381469727
174.00026321411133
184.00001525878906
157.99999237060547
177.0000457763672
179.0001392364502
158.99991989135742
203.00006866455078
162.00017929077148
200.00004768371582
165.9996509552002
189.99981880187988
163.00010681152344
174.00002479553223
168.99991035461426
148.00000190734863
170.0000762939453
152.9998779296875
171.99993133544922
157.99975395202637
187.99996376037598
218.0001735687256
173.99978637695312
165.00020027160645
200.99997520446777
149.99985694885254
182.999849319458
158.00023078918457
192.000150680542
155.0002098083496
170.99976539611816
151.0000228881836
172.99985885620117
193.9997673034668
198.99988174438477
158.00023078918457
184.99994277954102
per mask avg time is:
173.73998641967773
flow_num is:
1600
186.00010871887207
184.00001525878906
171.99993133544922
195.9998607635498
177.99973487854004
188.99989128112793
196.99978828430176
184.99994277954102
194.0000057220459
177.0000457763672
195.00017166137695
163.00010681152344
190.99998474121094
206.00032806396484
173.99978637695312
193.00007820129395
182.00016021728516
199.00012016296387
177.0000457763672
197.00026512145996
167.9999828338623
195.9998607635498
190.99974632263184
178.00021171569824
193.9997673034668
197.00002670288086
186.00010871887207
186.99979782104492
188.99989128112793
194.0000057220459
169.00038719177246
199.99980926513672
171.00000381469727
202.00014114379883
187.99996376037598
197.9999542236328
179.99982833862305
171.99993133544922
189.00036811828613
177.0000457763672
191.00022315979004
174.00002479553223
184.00001525878906
159.00015830993652
282.99999237060547
192.99983978271484
186.99979782104492
191.00022315979004
186.00010871887207
197.00002670288086
per mask avg time is:
188.1200122833252
flow_num is:
1800
187.99996376037598
213.99998664855957
207.0000171661377
228.99985313415527
216.99976921081543
213.99974822998047
190.0002956390381
214.00022506713867
217.00024604797363
185.99987030029297
209.99979972839355
192.99983978271484
210.9997272491455
206.9997787475586
196.0000991821289
320.00017166137695
212.00013160705566
180.00006675720215
209.99979972839355
214.99991416931152
190.00005722045898
204.9999237060547
194.000244140625
208.00018310546875
214.99991416931152
192.000150680542
220.0000286102295
206.9997787475586
217.00000762939453
210.9997272491455
210.9999656677246
191.00022315979004
213.00029754638672
252.000093460083
206.00008964538574
257.9998970031738
188.99989128112793
207.0002555847168
229.00009155273438
204.9999237060547
229.00009155273438
213.99974822998047
196.0000991821289
213.99974822998047
198.99988174438477
211.0002040863037
222.0001220703125
200.99997520446777
207.0002555847168
222.0001220703125
per mask avg time is:
211.30000591278076
flow_num is:
2000
208.9998722076416
233.99996757507324
233.99972915649414
209.0003490447998
269.9999809265137
227.99992561340332
228.99985313415527
216.00008010864258
243.00003051757812
232.9998016357422
216.00008010864258
228.00016403198242
242.99979209899902
205.99985122680664
234.9998950958252
262.00008392333984
210.00027656555176
214.99967575073242
230.00025749206543
223.00028800964355
187.99996376037598
229.00009155273438
226.0000705718994
211.99989318847656
223.00004959106445
233.99972915649414
196.0000991821289
210.00003814697266
236.9999885559082
203.99999618530273
221.00019454956055
226.99975967407227
225.9998321533203
225.9998321533203
224.99990463256836
217.00024604797363
209.99979972839355
216.00008010864258
226.99999809265137
195.00017166137695
226.99975967407227
234.00020599365234
218.0001735687256
224.0002155303955
249.00007247924805
210.00003814697266
222.0001220703125
234.00020599365234
235.99982261657715
206.00032806396484
per mask avg time is:
223.64001274108887
flow_num is:
2200
259.0000629425049
252.000093460083
241.99986457824707
233.99996757507324
252.99978256225586
257.9998970031738
248.99983406066895
231.00018501281738
237.99991607666016
236.00006103515625
261.99984550476074
256.0000419616699
226.99999809265137
257.9998970031738
248.99983406066895
247.00021743774414
214.99991416931152
243.99995803833008
243.99995803833008
252.000093460083
207.99994468688965
235.99982261657715
238.00015449523926
228.00016403198242
275.00009536743164
220.0000286102295
246.0000514984131
243.99995803833008
246.0000514984131
210.9999656677246
229.99978065490723
250.0002384185791
233.0000400543213
222.0001220703125
235.0001335144043
253.00002098083496
274.0001678466797
250.99992752075195
204.9999237060547
243.00026893615723
255.00011444091797
246.0000514984131
221.9998836517334
230.99994659423828
233.0000400543213
243.99995803833008
220.0000286102295
236.9999885559082
230.99994659423828
240.99993705749512
per mask avg time is:
240.28000354766846
flow_num is:
2400
264.00017738342285
243.00003051757812
256.0000419616699
264.9998664855957
241.99986457824707
258.9998245239258
265.99979400634766
239.0000820159912
258.9998245239258
250.0002384185791
260.9999179840088
237.99991607666016
271.9998359680176
241.99986457824707
270.0002193450928
250.99968910217285
268.00012588500977
269.0000534057617
266.00003242492676
246.99997901916504
255.99980354309082
256.0000419616699
267.0001983642578
289.99972343444824
256.9999694824219
240.00000953674316
254.00018692016602
268.9998149871826
265.99979400634766
252.99978256225586
261.0001564025879
273.9999294281006
249.00007247924805
253.00002098083496
266.00003242492676
279.00004386901855
247.999906539917
243.00003051757812
239.0000820159912
266.9997215270996
261.99984550476074
262.00008392333984
270.0002193450928
274.99985694885254
242.99979209899902
250.99968910217285
240.00000953674316
262.00008392333984
246.0000514984131
250.0
per mask avg time is:
257.4999666213989
flow_num is:
2600
260.9999179840088
284.0001583099365
266.9999599456787
284.9998474121094
266.00027084350586
305.00006675720215
268.00012588500977
282.0003032684326
264.9998664855957
282.0000648498535
317.99983978271484
252.99978256225586
262.00008392333984
270.9999084472656
279.00004386901855
276.99995040893555
266.9999599456787
262.00032234191895
321.99978828430176
275.00009536743164
275.9997844696045
288.00010681152344
265.99979400634766
275.00009536743164
276.99995040893555
281.9998264312744
273.00000190734863
286.9999408721924
277.00018882751465
281.00013732910156
303.00021171569824
294.9998378753662
262.00008392333984
273.00000190734863
299.9999523162842
282.99999237060547
273.00000190734863
286.00025177001953
288.00010681152344
281.00013732910156
281.9998264312744
269.99974250793457
296.9999313354492
274.99985694885254
276.99995040893555
276.0000228881836
280.0002098083496
294.00014877319336
289.99996185302734
280.99989891052246
per mask avg time is:
279.98000621795654
flow_num is:
2800
296.9999313354492
296.00000381469727
294.00014877319336
292.9997444152832
295.99976539611816
309.00001525878906
279.9999713897705
299.9999523162842
338.99998664855957
300.99987983703613
299.9999523162842
296.00000381469727
285.0000858306885
298.0000972747803
282.99975395202637
293.99991035461426
285.0000858306885
290.9996509552002
299.0000247955322
284.0001583099365
282.99999237060547
299.9999523162842
289.0000343322754
279.9999713897705
299.0000247955322
301.9998073577881
375.99992752075195
282.99999237060547
279.00004386901855
292.00005531311035
283.9999198913574
296.00000381469727
303.9999008178711
300.99987983703613
299.0000247955322
283.9999198913574
292.9999828338623
301.00011825561523
289.99996185302734
282.99975395202637
322.9999542236328
268.9998149871826
302.99997329711914
296.00000381469727
296.00000381469727
272.0000743865967
292.9999828338623
294.9998378753662
282.0000648498535
289.99996185302734
per mask avg time is:
295.1399612426758
flow_num is:
3000
324.9998092651367
316.9999122619629
309.00001525878906
316.9999122619629
309.00025367736816
335.00003814697266
299.0000247955322
335.00003814697266
305.9999942779541
308.0000877380371
316.00022315979004
309.00001525878906
323.0001926422119
313.99989128112793
314.00012969970703
318.9997673034668
294.00014877319336
322.00002670288086
322.00002670288086
319.99993324279785
313.0002021789551
322.00026512145996
319.0000057220459
309.00001525878906
315.99998474121094
319.0000057220459
303.9999008178711
320.9998607635498
320.00017166137695
345.0000286102295
299.9999523162842
307.00016021728516
316.9999122619629
316.9999122619629
392.99988746643066
294.00014877319336
299.9999523162842
330.99961280822754
305.00006675720215
306.99992179870605
302.0000457763672
312.999963760376
302.99973487854004
328.99999618530273
307.00016021728516
312.000036239624
300.99987983703613
315.000057220459
307.999849319458
322.9999542236328
per mask avg time is:
315.70000171661377
flow_num is:
3200
335.9999656677246
346.9998836517334
351.99999809265137
325.0000476837158
330.99985122680664
335.00003814697266
345.0000286102295
340.9998416900635
335.9999656677246
319.000244140625
325.0002861022949
335.00003814697266
346.00019454956055
342.00000762939453
340.0001525878906
320.9998607635498
320.9998607635498
335.00003814697266
319.0000057220459
315.99998474121094
319.99993324279785
331.00008964538574
309.999942779541
327.9998302459717
328.99999618530273
351.99999809265137
315.99998474121094
357.00011253356934
328.99999618530273
319.0000057220459
333.9998722076416
321.99978828430176
315.99998474121094
354.0003299713135
322.9999542236328
331.00008964538574
338.99998664855957
338.0000591278076
316.9999122619629
336.99989318847656
325.9997367858887
330.0001621246338
314.9998188018799
332.99994468688965
334.99979972839355
332.0000171661377
332.99994468688965
333.9998722076416
318.00007820129395
306.0002326965332
per mask avg time is:
330.61999320983887
flow_num is:
3400
351.99999809265137
351.0000705718994
353.0001640319824
355.0000190734863
337.9998207092285
349.99990463256836
361.9997501373291
340.9998416900635
375.0002384185791
347.0001220703125
354.0000915527344
346.00019454956055
355.9999465942383
367.0001029968262
368.0000305175781
345.0000286102295
356.0001850128174
356.0001850128174
345.0000286102295
365.9999370574951
358.0000400543213
354.9997806549072
337.00013160705566
357.9998016357422
355.00025749206543
360.99982261657715
355.9999465942383
359.00020599365234
352.9999256134033
347.0001220703125
345.0000286102295
381.9997310638428
343.0001735687256
341.0000801086426
361.9999885559082
348.00004959106445
328.99999618530273
347.0001220703125
351.0000705718994
352.9999256134033
354.0003299713135
344.9997901916504
403.0001163482666
355.9999465942383
345.0002670288086
346.00019454956055
338.99998664855957
346.9998836517334
372.00021743774414
333.9998722076416
per mask avg time is:
353.280029296875
flow_num is:
3600
370.00012397766113
355.0000190734863
350.00014305114746
394.9999809265137
391.00003242492676
356.99987411499023
381.9999694824219
397.0000743865967
354.0000915527344
369.99988555908203
366.0001754760742
381.9999694824219
375.99992752075195
378.00002098083496
372.00021743774414
369.99988555908203
373.99983406066895
365.00000953674316
408.9999198913574
358.99996757507324
385.9999179840088
358.0000400543213
367.999792098999
384.99999046325684
361.9999885559082
368.0000305175781
428.00021171569824
365.00000953674316
362.0002269744873
372.999906539917
372.999906539917
357.00011253356934
371.0002899169922
355.9999465942383
382.9998970031738
352.9999256134033
370.00012397766113
378.9999485015869
376.9998550415039
367.0001029968262
375.0
354.0000915527344
386.99984550476074
372.999906539917
366.99986457824707
351.99999809265137
358.99996757507324
380.00011444091797
356.0001850128174
375.99992752075195
per mask avg time is:
371.8400049209595
flow_num is:
3800
400.00009536743164
381.9999694824219
383.00013542175293
372.999906539917
410.0000858306885
392.0001983642578
387.9997730255127
395.0002193450928
385.9999179840088
375.99992752075195
402.00018882751465
375.99992752075195
388.99993896484375
421.00000381469727
375.0002384185791
365.00024795532227
394.9999809265137
406.00013732910156
384.0000629425049
371.99997901916504
398.9996910095215
376.9998550415039
375.0002384185791
396.0001468658447
380.00011444091797
384.0000629425049
406.00013732910156
388.99993896484375
417.9999828338623
374.00007247924805
397.0000743865967
383.00013542175293
380.00011444091797
399.0001678466797
384.0000629425049
387.00008392333984
388.99993896484375
383.9998245239258
396.0001468658447
378.00002098083496
399.0001678466797
381.000280380249
384.0000629425049
400.00009536743164
385.9996795654297
394.9999809265137
413.00010681152344
392.0001983642578
391.00003242492676
404.9999713897705
per mask avg time is:
389.8200464248657
flow_num is:
4000
405.0002098083496
381.9999694824219
416.99981689453125
406.00013732910156
404.00004386901855
414.0002727508545
426.00011825561523
434.00025367736816
416.99981689453125
416.99981689453125
418.99991035461426
407.99999237060547
392.0001983642578
406.9998264312744
408.9999198913574
400.00009536743164
400.00009536743164
412.99986839294434
406.00013732910156
427.99997329711914
393.9998149871826
417.00005531311035
375.99992752075195
420.0000762939453
394.99974250793457
394.99974250793457
418.99991035461426
383.00013542175293
388.0000114440918
421.9999313354492
404.00004386901855
421.00024223327637
378.00002098083496
403.0001163482666
422.0001697540283
398.9999294281006
395.9999084472656
427.0000457763672
394.0002918243408
425.99987983703613
401.99995040893555
391.9999599456787
416.99981689453125
399.99985694885254
408.9999198913574
408.9999198913574
401.0002613067627
397.0000743865967
414.0000343322754
391.9999599456787
per mask avg time is:
406.3200044631958
flow_num is:
4200
424.0000247955322
407.99999237060547
441.00022315979004
407.0000648498535
429.99982833862305
430.00006675720215
409.9998474121094
454.9996852874756
416.99981689453125
428.9999008178711
421.00000381469727
456.00008964538574
404.9999713897705
408.9999198913574
424.9999523162842
412.99986839294434
450.9999752044678
408.9999198913574
444.0000057220459
454.00023460388184
421.00000381469727
421.00000381469727
402.9998779296875
430.9999942779541
409.9998474121094
444.99993324279785
421.9996929168701
445.00017166137695
407.0000648498535
442.000150680542
418.0002212524414
403.0001163482666
421.00000381469727
411.9999408721924
431.99992179870605
412.99986839294434
439.00012969970703
429.99982833862305
397.0000743865967
446.99978828430176
407.99999237060547
424.0000247955322
412.99986839294434
429.99982833862305
419.9998378753662
416.0001277923584
429.0003776550293
418.0002212524414
412.99986839294434
424.9999523162842
per mask avg time is:
423.85998249053955
flow_num is:
4400
444.99993324279785
415.9998893737793
455.0001621246338
430.999755859375
446.99978828430176
442.000150680542
442.000150680542
435.99987030029297
451.0002136230469
483.0002784729004
451.0002136230469
406.00013732910156
443.00007820129395
438.99989128112793
439.00012969970703
427.0000457763672
456.9997787475586
424.0000247955322
452.0001411437988
438.99989128112793
463.0000591278076
402.9998779296875
463.0000591278076
407.99999237060547
447.00002670288086
433.99977684020996
484.00020599365234
407.99999237060547
450.9999752044678
460.00003814697266
453.99999618530273
440.99998474121094
475.9998321533203
409.0001583099365
456.00008964538574
420.0000762939453
465.9998416900635
434.00001525878906
450.9999752044678
436.9997978210449
443.00007820129395
440.99974632263184
443.00007820129395
434.9997043609619
450.9999752044678
430.00030517578125
476.0000705718994
411.00001335144043
457.0000171661377
452.9998302459717
per mask avg time is:
442.60000228881836
flow_num is:
4600
476.99975967407227
426.00011825561523
480.0000190734863
427.0000457763672
469.9997901916504
478.9998531341553
424.9999523162842
471.00019454956055
426.00011825561523
473.00004959106445
423.0000972747803
452.9998302459717
472.99981117248535
439.9998188018799
460.9999656677246
460.9999656677246
454.9996852874756
459.99979972839355
429.0003776550293
468.0001735687256
421.00024223327637
492.0001029968262
427.99997329711914
478.0001640319824
440.99998474121094
446.0000991821289
474.99966621398926
455.0001621246338
471.9998836517334
454.9999237060547
473.9999771118164
495.00012397766113
426.00011825561523
465.0001525878906
421.9996929168701
473.00004959106445
424.9999523162842
460.00003814697266
466.0000801086426
476.99999809265137
443.00007820129395
447.00002670288086
476.99975967407227
424.9999523162842
468.99986267089844
427.99997329711914
463.99998664855957
481.99987411499023
427.0000457763672
458.00018310546875
per mask avg time is:
454.8599910736084
flow_num is:
4800
460.00003814697266
493.0002689361572
462.00013160705566
448.99988174438477
481.99987411499023
454.9999237060547
457.99994468688965
480.9999465942383
491.0001754760742
466.0000801086426
467.9999351501465
440.000057220459
478.0001640319824
472.0001220703125
481.99987411499023
465.9998416900635
440.000057220459
457.99970626831055
468.99986267089844
440.99998474121094
476.0000705718994
458.00018310546875
468.0001735687256
477.9999256134033
457.0000171661377
474.0002155303955
460.9999656677246
509.99999046325684
440.99998474121094
475.00014305114746
480.0000190734863
462.00013160705566
479.0000915527344
442.000150680542
480.0000190734863
463.0000591278076
446.0000991821289
492.999792098999
440.99974632263184
484.9998950958252
467.9999351501465
474.0002155303955
456.00008964538574
476.99999809265137
441.9999122619629
475.9998321533203
459.0001106262207
471.9998836517334
465.0003910064697
483.0000400543213
per mask avg time is:
467.04001903533936
flow_num is:
5000
460.00003814697266
507.9998970031738
483.0000400543213
465.0001525878906
478.0001640319824
485.99982261657715
453.0003070831299
516.0000324249268
476.99999809265137
476.0000705718994
498.0001449584961
472.0001220703125
492.0001029968262
460.00003814697266
493.0000305175781
474.0002155303955
507.9998970031738
463.0000591278076
477.9999256134033
488.00015449523926
457.0000171661377
508.00013542175293
476.0000705718994
476.99999809265137
484.9998950958252
479.0000915527344
486.00006103515625
463.0000591278076
476.0000705718994
477.9999256134033
475.00014305114746
450.9999752044678
495.00012397766113
480.9999465942383
500.99992752075195
473.9997386932373
480.0000190734863
508.00013542175293
454.9999237060547
477.9999256134033
480.9999465942383
456.9997787475586
503.00002098083496
477.9999256134033
480.9999465942383
450.0000476837158
503.9999485015869
476.99999809265137
457.0000171661377
490.9999370574951
per mask avg time is:
479.8000192642212
flow_num is:
5200
501.9998550415039
487.0002269744873
487.99991607666016
495.00012397766113
497.999906539917
498.99983406066895
497.00021743774414
474.99990463256836
501.9998550415039
497.00021743774414
496.0000514984131
478.9998531341553
480.0000190734863
505.9998035430908
494.0001964569092
475.00014305114746
501.9998550415039
491.99986457824707
496.99997901916504
470.99995613098145
525.0003337860107
498.0001449584961
494.99964714050293
497.999906539917
477.00023651123047
492.999792098999
496.0000514984131
492.999792098999
488.9998435974121
500.99992752075195
496.0000514984131
501.9998550415039
474.99990463256836
491.99986457824707
492.0001029968262
502.99978256225586
475.00014305114746
494.0001964569092
499.00007247924805
494.99964714050293
494.0001964569092
479.0000915527344
493.0000305175781
503.00025939941406
493.0002689361572
480.9999465942383
501.9998550415039
488.9998435974121
490.00000953674316
475.00014305114746
per mask avg time is:
492.379994392395
flow_num is:
5400
519.0000534057617
462.00013160705566
513.0000114440918
503.9999485015869
513.0000114440918
493.0000305175781
509.000301361084
468.99986267089844
537.9998683929443
512.0000839233398
516.9999599456787
499.00007247924805
510.9999179840088
512.0000839233398
512.0000839233398
521.9998359680176
514.9998664855957
513.9999389648438
493.9999580383301
512.0000839233398
513.9999389648438
512.0000839233398
519.0000534057617
522.0000743865967
496.0000514984131
509.0000629425049
511.0001564025879
515.0001049041748
509.99975204467773
513.0002498626709
516.9999599456787
497.999906539917
509.0000629425049
509.99999046325684
510.00022888183594
509.99999046325684
509.99975204467773
521.0001468658447
494.99988555908203
512.9997730255127
513.9999389648438
515.0001049041748
513.0000114440918
506.9997310638428
492.999792098999
510.9996795654297
513.0000114440918
467.9999351501465
516.9999599456787
513.0000114440918
per mask avg time is:
508.3599901199341
flow_num is:
5600
439.00012969970703
463.99998664855957
487.99991607666016
483.0000400543213
483.0000400543213
481.99987411499023
486.00029945373535
463.99998664855957
461.99989318847656
491.99986457824707
447.00002670288086
467.9999351501465
463.99998664855957
485.0001335144043
482.9998016357422
483.0000400543213
487.0002269744873
483.99996757507324
486.9997501373291
490.9999370574951
448.99988174438477
463.99998664855957
465.9998416900635
484.9998950958252
512.9997730255127
513.9997005462646
508.9998245239258
489.0000820159912
480.0000190734863
481.99987411499023
484.9998950958252
447.00002670288086
510.00022888183594
535.0000858306885
512.9997730255127
506.000280380249
526.0000228881836
513.9999389648438
531.0001373291016
489.0000820159912
479.0000915527344
496.0000514984131
488.00015449523926
444.0000057220459
460.9999656677246
552.0000457763672
514.0001773834229
500.0
486.00006103515625
486.9999885559082
per mask avg time is:
486.7199945449829
flow_num is:
5800
480.9999465942383
457.0000171661377
496.99997901916504
503.9999485015869
476.0000705718994
473.9999771118164
504.000186920166
500.0
496.99997901916504
496.0000514984131
503.00002098083496
496.99997901916504
496.99997901916504
496.99997901916504
499.00007247924805
496.0000514984131
499.00007247924805
497.9996681213379
500.0
497.999906539917
496.0000514984131
494.0001964569092
500.99992752075195
500.99992752075195
500.99992752075195
550.0001907348633
505.9998035430908
499.00007247924805
501.9998550415039
496.0000514984131
504.99987602233887
504.99987602233887
496.99997901916504
501.00016593933105
502.0003318786621
543.9999103546143
493.0002689361572
478.9998531341553
485.99982261657715
546.0000038146973
479.0000915527344
485.0001335144043
479.9997806549072
499.00007247924805
500.0
550.0001907348633
499.00007247924805
501.9998550415039
546.9999313354492
501.9998550415039
per mask avg time is:
500.3399991989136
flow_num is:
6000
496.99997901916504
479.9997806549072
482.9998016357422
470.0002670288086
470.0002670288086
475.00014305114746
453.0000686645508
502.0003318786621
496.99997901916504
463.99998664855957
507.000207901001
496.0000514984131
479.0000915527344
475.9998321533203
470.99971771240234
478.0001640319824
529.0000438690186
498.99983406066895
453.0000686645508
499.00007247924805
495.00012397766113
494.99988555908203
450.0000476837158
503.9999485015869
496.99974060058594
496.0000514984131
452.0001411437988
504.99987602233887
492.0001029968262
494.99988555908203
458.00018310546875
502.0003318786621
526.0000228881836
500.99992752075195
471.9998836517334
471.9998836517334
467.00000762939453
452.9998302459717
457.0000171661377
470.0002670288086
469.00010108947754
472.0001220703125
469.00010108947754
480.0000190734863
444.0000057220459
569.9999332427979
459.99979972839355
474.99990463256836
471.9998836517334
479.0000915527344
per mask avg time is:
482.5400161743164
flow_num is:
6200
476.0000705718994
476.0000705718994
450.9999752044678
451.9999027252197
487.99991607666016
537.9998683929443
506.9999694824219
509.99999046325684
493.0000305175781
484.9998950958252
494.99988555908203
495.999813079834
536.9999408721924
488.9998435974121
467.00000762939453
493.0000305175781
466.0003185272217
461.99989318847656
529.0000438690186
518.0001258850098
499.00007247924805
486.00029945373535
483.99996757507324
498.99983406066895
493.0002689361572
485.0003719329834
485.99982261657715
491.0001754760742
485.99982261657715
483.0000400543213
473.00004959106445
470.0002670288086
473.00004959106445
466.99976921081543
539.0000343322754
474.0002155303955
467.00024604797363
484.9998950958252
490.9999370574951
493.9999580383301
486.00006103515625
485.0003719329834
493.0000305175781
488.9998435974121
471.00019454956055
467.9999351501465
472.99981117248535
474.99990463256836
500.0
486.9999885559082
per mask avg time is:
487.6000165939331
flow_num is:
6400
490.00000953674316
480.0000190734863
460.00003814697266
491.99986457824707
487.99991607666016
445.9998607635498
493.9999580383301
471.00019454956055
467.00024604797363
486.9997501373291
496.99997901916504
530.9998989105225
520.0002193450928
453.99999618530273
503.00002098083496
502.99978256225586
500.99992752075195
507.000207901001
485.0001335144043
510.9999179840088
452.9998302459717
447.9999542236328
498.0001449584961
480.0000190734863
487.99991607666016
482.00011253356934
484.9998950958252
486.9999885559082
494.99988555908203
485.99982261657715
480.0000190734863
514.0001773834229
500.99992752075195
504.99987602233887
499.00007247924805
506.000280380249
504.000186920166
494.99988555908203
500.0
470.0000286102295
446.99978828430176
485.0001335144043
489.0000820159912
489.0000820159912
483.99996757507324
487.99991607666016
503.9999485015869
484.9998950958252
484.9998950958252
486.9997501373291
per mask avg time is:
488.1199884414673
